## RankNet
## Epochs = 100
## No. of features = 1
## No. of hidden layers = 1
## Layer 1: 10 neurons
1
1
10
0 0 0.06927686929702759 -0.012085872702300549 -0.09305404871702194 0.03970905393362045 -0.04321414232254028 -0.0022048414684832096 0.0018795847427099943 0.09604071825742722 -0.07415299117565155 0.02833114191889763
0 1 -0.0067250789143145084 0.04992493987083435 0.025108391419053078 0.05579139664769173 0.014356362633407116 -0.025762390345335007 -0.07306155562400818 -0.027642035856842995 -0.0974922776222229 -0.065709188580513 0.04624310880899429
1 0 -0.07487422972917557
1 1 0.08597015589475632
1 2 0.027073705568909645
1 3 -0.009599626064300537
1 4 0.05656657740473747
1 5 0.06738407909870148
1 6 -0.03069179132580757
1 7 -0.009208297356963158
1 8 0.03289234638214111
1 9 -0.02215440198779106
