## RankNet
## Epochs = 100
## No. of features = 1
## No. of hidden layers = 1
## Layer 1: 10 neurons
1
1
10
0 0 -0.011467856355011463 -0.07551394402980804 7.982492679730058E-4 0.008303272537887096 -0.04363962262868881 -0.004235702566802502 0.06326975673437119 -0.09745881706476212 0.02497969940304756 -0.05835042521357536
0 1 0.02789955772459507 -0.09141289442777634 0.0021862448193132877 -0.00464901328086853 0.05959431082010269 0.07092375308275223 -0.0246713999658823 0.09806245565414429 -0.04145796224474907 -0.050122760236263275 0.0912172868847847
1 0 -0.029307538643479347
1 1 0.06054165959358215
1 2 -0.025989526882767677
1 3 0.09398432075977325
1 4 0.04535491392016411
1 5 -0.05002886801958084
1 6 -0.09731854498386383
1 7 -0.08878138661384583
1 8 0.053326256573200226
1 9 -0.06017173454165459
