## RankNet
## Epochs = 100
## No. of features = 1
## No. of hidden layers = 1
## Layer 1: 10 neurons
1
1
10
0 0 0.04639869183301926 0.07011443376541138 0.09497662633657455 -0.04863951355218887 -0.002243644092231989 0.05748021602630615 0.001741129206493497 0.0465606227517128 0.05818338319659233 -0.008043443784117699
0 1 -0.02468998357653618 -0.007566136308014393 -0.06688511371612549 0.031498752534389496 0.0152168869972229 0.03799738734960556 -0.08694097399711609 -0.008829873986542225 -0.09191600978374481 -0.09275548905134201 -0.0478358156979084
1 0 -0.04235212877392769
1 1 0.03556313365697861
1 2 0.05749780684709549
1 3 -0.04605387896299362
1 4 -0.052860360592603683
1 5 -0.021770048886537552
1 6 0.07207606732845306
1 7 -0.020525360479950905
1 8 0.07630433142185211
1 9 0.061630167067050934
