## RankNet
## Epochs = 100
## No. of features = 1
## No. of hidden layers = 1
## Layer 1: 10 neurons
1
1
10
0 0 0.005963677074760199 -0.05246539041399956 0.01660878024995327 0.07086092978715897 0.031771838665008545 -0.03984435275197029 0.0713919848203659 0.07588069140911102 -0.039134521037340164 -0.053889334201812744
0 1 -0.011541515588760376 0.04149503633379936 -0.020072180777788162 -0.05302544683218002 0.09663833677768707 -0.09921769052743912 0.006140184588730335 0.025117170065641403 0.03321195766329765 0.019926179200410843 0.035482801496982574
1 0 0.030443411320447922
1 1 -0.08503033220767975
1 2 0.09941168874502182
1 3 -0.0783170759677887
1 4 0.03200240060687065
1 5 0.011149394325911999
1 6 -0.05178825184702873
1 7 0.09620313346385956
1 8 -0.024981636554002762
1 9 -0.04182318598031998
